100
506909412
221547371
850528599
332800417
142840080
862410136
1971293444
1718958335
1643174176
476587128
1152511541
594171452
370794253
228026884
460421423
1991738752
1780092250
1732272724
1718948644
415399826
665397716
1346419853
1571731919
1835343373
1889894597
186226029
1301057013
1442467894
1086527459
381801491
1017022244
191869519
2007013229
1858613103
1176045517
644772816
1951784084
1229148347
1894761844
1821160812
1091721363
888942358
1286154740
925657831
346433363
655222164
1745028716
92853905
99475735
1345077983
602225736
1148091562
1011980379
736250306
2141640074
419990881
886469774
435231834
1358637703
593360114
764140726
1604047193
688631226
1199431859
1942001893
216851693
132306987
491493380
1643173401
1321630317
509849489
710960958
381263588
985735264
91936325
1497422913
1923990255
2050283380
1578138394
2061299957
39057413
620615189
2074483714
1664814010
881386733
2025739293
1332536090
1756486577
630093721
411061022
953788196
292997572
819554137
2065479026
711476857
20178757
96201239
364142453
1683081020
778944431